%YAML:1.0
T_cam3d_cam2d: !!opencv-matrix
    rows: 4
    cols: 4
    dt: f
    data: [ -0.000000, -0.999817, 0.013529, -7.081149, 
        -0.999277, 0.000481, 0.035522, -18.592126, 
        -0.035522, -0.013519, -0.999277, 523.020477, 
        0.000000, 0.000000, 0.000000, 1.000000
        ]
T_base_cam: !!opencv-matrix
    rows: 3
    cols: 3
    dt: f
    data: [ 0.999543, -0.030224, 260.726109, 
        0.030224, 0.999543, -8.233371, 
        0.000000, 0.000000, 1.000000
        ]
map_id_matrix: !!opencv-matrix
    rows: 49
    cols: 4
    dt: f
    data: [ 40, 10790.369412, 4784.237927, -3.086710, 
        41, 9588.004347, 4769.872792, -3.114521, 
        42, 8401.977561, 4782.439421, -3.134864, 
        43, 7184.430359, 4778.723597, -3.132201, 
        44, 5985.197088, 4791.848997, -3.114292, 
        50, 4785.116081, 4799.008403, -3.093134, 
        51, 3585.360295, 4798.558602, -3.109535, 
        52, 2371.901325, 4813.584382, -3.124163, 
        53, 1174.372624, 4808.409262, -3.122867, 
        54, -20.365865, 4802.639259, -3.140825, 
        55, 10790.804919, 3586.854676, -1.539962, 
        56, 9578.854276, 3569.837026, -3.085409, 
        57, 8384.234863, 3574.719155, -3.119092, 
        58, 7188.505570, 3587.079293, -3.090548, 
        59, 5995.842010, 3609.583642, -3.128755, 
        60, 4794.377081, 3603.919804, -3.114025, 
        61, 3604.094098, 3601.423153, 3.117662, 
        62, 2394.806634, 3605.262936, -3.120333, 
        64, 8.819803, 3584.934164, -3.098257, 
        65, 7187.510982, 4.053010, -3.111804, 
        66, 10779.651245, 2387.205492, -3.102991, 
        69, 9586.909317, 2384.983002, -3.129458, 
        70, 8387.297808, 2381.499540, -3.116799, 
        71, 7197.976771, 2385.914332, -3.114912, 
        72, 5995.541498, 2364.276789, -3.098893, 
        73, 4789.644848, 2390.055575, -3.114729, 
        74, 3583.382751, 2401.283909, -3.116500, 
        75, 2369.042872, 2390.188883, -3.140060, 
        77, 11.707158, 2390.894135, -3.127551, 
        78, 10793.572996, 1187.681117, -3.097166, 
        79, 9582.897914, 1191.531678, -1.533694, 
        80, 8384.256656, 1184.630023, -3.109112, 
        81, 7188.038968, 1190.582359, -3.112830, 
        82, 5986.352619, 1188.546732, -3.101054, 
        83, 4813.249194, 1203.434731, -3.123753, 
        84, 3580.151235, 1215.102518, -3.089510, 
        85, 2394.050502, 1206.987867, -3.117829, 
        86, 1187.817655, 1203.248087, -3.124390, 
        87, -5.353214, 1196.069962, -3.102446, 
        88, 10800.000000, 0.000000, -3.122106, 
        90, 1195.435541, 3605.199201, -3.098843, 
        91, 0.000000, -0.000000, -3.103058, 
        92, 1206.215920, 17.096609, -3.115120, 
        93, 2400.433431, 32.688290, -3.095596, 
        94, 3589.891095, 16.472735, -3.121801, 
        95, 4777.973088, -0.686229, -3.107324, 
        96, 5992.857544, 7.137781, -3.110272, 
        98, 8402.979422, -12.442442, -3.128759, 
        99, 9597.246584, -10.609443, -3.113492
        ]
m_K_Enc2Angle_Rudder: 0.0001047197
m_K_Enc2Dist_Drive: 0.0182377
m_K_Cnt2Angle_Compass: -5.55570e-9
m_MidEncRudder: 30
m_LengthWheelRight: 0.463431
m_LengthWheelLeft: 0.537510
m_DirWheelLeft: 1
m_DirWheelRight: -1
m_DriftDriveCenter: 0
